1,0
2,141
3,142
4,237
5,295
6,473
7,590
8,709
9,886
10,1063
11,1417
12,1654
13,2126
14,2598
15,3072
16,3779
17,4253
18,4725
19,5197
20,5670
21,7607
22,9543
23,11482
24,13418
25,15356
26,17281
27,19218
28,21155
29,23092
30,25030
31,26967
32,28904
33,30841
34,32778
35,34716
36,36877
37,38814
38,40751
39,42689
40,44626
41,46066
42,47768
43,49740
44,51973
45,54465
46,57217
47,60242
48,63524
49,67068
50,70873
51,111999
52,112600
53,114400
54,115600
55,118000
56,120400
57,122800
58,125200
59,127600
60,128000
61,130000
62,130600
63,132400
64,133600
65,136000